 therm.  [erg  s^-1  sr^-1]
 7.32188E-22  7.32288E-22  7.32360E-22  7.32412E-22  7.32450E-22  7.32477E-22  7.32497E-22  7.32511E-22  7.32521E-22  7.32529E-22  7.32534E-22  7.32538E-22  7.32541E-22  7.32543E-22  7.32545E-22  7.32546E-22  7.32547E-22  7.32548E-22  7.32549E-22  7.32549E-22  7.32550E-22  7.32550E-22  7.32550E-22  7.32551E-22  7.32551E-22  7.32551E-22  7.32552E-22  7.32552E-22  7.32552E-22  7.32553E-22  7.32553E-22  7.32554E-22  7.32555E-22  7.32556E-22  7.32557E-22  7.32559E-22  7.32561E-22  7.32564E-22  7.32568E-22  7.32573E-22  7.32581E-22  7.32591E-22  7.32605E-22  7.32625E-22  7.32652E-22  7.32690E-22  7.32742E-22  7.32814E-22  7.32914E-22 
 7.97342E-22  7.97456E-22  7.97539E-22  7.97598E-22  7.97641E-22  7.97671E-22  7.97694E-22  7.97710E-22  7.97721E-22  7.97730E-22  7.97736E-22  7.97741E-22  7.97744E-22  7.97747E-22  7.97749E-22  7.97750E-22  7.97751E-22  7.97752E-22  7.97753E-22  7.97753E-22  7.97754E-22  7.97754E-22  7.97755E-22  7.97755E-22  7.97755E-22  7.97756E-22  7.97756E-22  7.97757E-22  7.97757E-22  7.97758E-22  7.97758E-22  7.97759E-22  7.97760E-22  7.97761E-22  7.97762E-22  7.97764E-22  7.97767E-22  7.97770E-22  7.97775E-22  7.97781E-22  7.97789E-22  7.97801E-22  7.97817E-22  7.97840E-22  7.97870E-22  7.97913E-22  7.97972E-22  7.98054E-22  7.98168E-22 
 8.69870E-22  8.70000E-22  8.70094E-22  8.70161E-22  8.70210E-22  8.70245E-22  8.70270E-22  8.70288E-22  8.70302E-22  8.70311E-22  8.70318E-22  8.70324E-22  8.70327E-22  8.70330E-22  8.70332E-22  8.70334E-22  8.70335E-22  8.70336E-22  8.70337E-22  8.70338E-22  8.70339E-22  8.70339E-22  8.70340E-22  8.70340E-22  8.70340E-22  8.70341E-22  8.70341E-22  8.70342E-22  8.70342E-22  8.70343E-22  8.70344E-22  8.70344E-22  8.70345E-22  8.70347E-22  8.70348E-22  8.70350E-22  8.70353E-22  8.70357E-22  8.70362E-22  8.70369E-22  8.70379E-22  8.70392E-22  8.70411E-22  8.70436E-22  8.70471E-22  8.70520E-22  8.70587E-22  8.70680E-22  8.70810E-22 
 9.54518E-22  9.54667E-22  9.54774E-22  9.54851E-22  9.54907E-22  9.54947E-22  9.54976E-22  9.54997E-22  9.55012E-22  9.55023E-22  9.55032E-22  9.55037E-22  9.55042E-22  9.55045E-22  9.55048E-22  9.55049E-22  9.55051E-22  9.55052E-22  9.55053E-22  9.55054E-22  9.55055E-22  9.55055E-22  9.55056E-22  9.55056E-22  9.55057E-22  9.55057E-22  9.55058E-22  9.55058E-22  9.55059E-22  9.55059E-22  9.55060E-22  9.55061E-22  9.55062E-22  9.55064E-22  9.55066E-22  9.55068E-22  9.55071E-22  9.55076E-22  9.55082E-22  9.55090E-22  9.55101E-22  9.55116E-22  9.55137E-22  9.55166E-22  9.55206E-22  9.55262E-22  9.55339E-22  9.55446E-22  9.55594E-22 
 1.12746E-21  1.12765E-21  1.12779E-21  1.12789E-21  1.12796E-21  1.12801E-21  1.12805E-21  1.12807E-21  1.12809E-21  1.12811E-21  1.12812E-21  1.12812E-21  1.12813E-21  1.12813E-21  1.12814E-21  1.12814E-21  1.12814E-21  1.12814E-21  1.12814E-21  1.12814E-21  1.12814E-21  1.12815E-21  1.12815E-21  1.12815E-21  1.12815E-21  1.12815E-21  1.12815E-21  1.12815E-21  1.12815E-21  1.12815E-21  1.12815E-21  1.12815E-21  1.12815E-21  1.12816E-21  1.12816E-21  1.12816E-21  1.12817E-21  1.12817E-21  1.12818E-21  1.12819E-21  1.12820E-21  1.12822E-21  1.12825E-21  1.12829E-21  1.12834E-21  1.12841E-21  1.12851E-21  1.12864E-21  1.12883E-21 
 1.38838E-21  1.38864E-21  1.38882E-21  1.38895E-21  1.38905E-21  1.38911E-21  1.38916E-21  1.38920E-21  1.38923E-21  1.38924E-21  1.38926E-21  1.38927E-21  1.38928E-21  1.38928E-21  1.38929E-21  1.38929E-21  1.38929E-21  1.38929E-21  1.38930E-21  1.38930E-21  1.38930E-21  1.38930E-21  1.38930E-21  1.38930E-21  1.38930E-21  1.38930E-21  1.38930E-21  1.38930E-21  1.38931E-21  1.38931E-21  1.38931E-21  1.38931E-21  1.38931E-21  1.38931E-21  1.38932E-21  1.38932E-21  1.38933E-21  1.38933E-21  1.38934E-21  1.38936E-21  1.38938E-21  1.38940E-21  1.38944E-21  1.38949E-21  1.38956E-21  1.38965E-21  1.38978E-21  1.38997E-21  1.39022E-21 
 1.58157E-21  1.58188E-21  1.58210E-21  1.58225E-21  1.58237E-21  1.58245E-21  1.58251E-21  1.58255E-21  1.58258E-21  1.58261E-21  1.58262E-21  1.58264E-21  1.58265E-21  1.58265E-21  1.58266E-21  1.58266E-21  1.58266E-21  1.58267E-21  1.58267E-21  1.58267E-21  1.58267E-21  1.58267E-21  1.58267E-21  1.58267E-21  1.58268E-21  1.58268E-21  1.58268E-21  1.58268E-21  1.58268E-21  1.58268E-21  1.58268E-21  1.58268E-21  1.58269E-21  1.58269E-21  1.58269E-21  1.58270E-21  1.58271E-21  1.58271E-21  1.58273E-21  1.58274E-21  1.58277E-21  1.58280E-21  1.58284E-21  1.58290E-21  1.58298E-21  1.58310E-21  1.58325E-21  1.58347E-21  1.58378E-21 
 1.84562E-21  1.84600E-21  1.84627E-21  1.84647E-21  1.84661E-21  1.84671E-21  1.84679E-21  1.84684E-21  1.84688E-21  1.84691E-21  1.84693E-21  1.84694E-21  1.84695E-21  1.84696E-21  1.84697E-21  1.84697E-21  1.84698E-21  1.84698E-21  1.84698E-21  1.84698E-21  1.84699E-21  1.84699E-21  1.84699E-21  1.84699E-21  1.84699E-21  1.84699E-21  1.84699E-21  1.84700E-21  1.84700E-21  1.84700E-21  1.84700E-21  1.84700E-21  1.84701E-21  1.84701E-21  1.84701E-21  1.84702E-21  1.84703E-21  1.84704E-21  1.84706E-21  1.84708E-21  1.84710E-21  1.84714E-21  1.84720E-21  1.84727E-21  1.84737E-21  1.84751E-21  1.84771E-21  1.84798E-21  1.84836E-21 
 2.23869E-21  2.23919E-21  2.23954E-21  2.23980E-21  2.23998E-21  2.24012E-21  2.24021E-21  2.24028E-21  2.24034E-21  2.24037E-21  2.24040E-21  2.24042E-21  2.24043E-21  2.24044E-21  2.24045E-21  2.24046E-21  2.24046E-21  2.24047E-21  2.24047E-21  2.24047E-21  2.24048E-21  2.24048E-21  2.24048E-21  2.24048E-21  2.24048E-21  2.24048E-21  2.24049E-21  2.24049E-21  2.24049E-21  2.24049E-21  2.24049E-21  2.24050E-21  2.24050E-21  2.24051E-21  2.24051E-21  2.24052E-21  2.24053E-21  2.24055E-21  2.24057E-21  2.24059E-21  2.24063E-21  2.24068E-21  2.24075E-21  2.24085E-21  2.24098E-21  2.24117E-21  2.24142E-21  2.24178E-21  2.24227E-21 
 2.84578E-21  2.84647E-21  2.84697E-21  2.84733E-21  2.84759E-21  2.84778E-21  2.84791E-21  2.84801E-21  2.84808E-21  2.84813E-21  2.84817E-21  2.84820E-21  2.84822E-21  2.84824E-21  2.84825E-21  2.84826E-21  2.84826E-21  2.84827E-21  2.84827E-21  2.84828E-21  2.84828E-21  2.84828E-21  2.84829E-21  2.84829E-21  2.84829E-21  2.84829E-21  2.84829E-21  2.84830E-21  2.84830E-21  2.84830E-21  2.84831E-21  2.84831E-21  2.84832E-21  2.84832E-21  2.84833E-21  2.84834E-21  2.84836E-21  2.84838E-21  2.84841E-21  2.84844E-21  2.84850E-21  2.84857E-21  2.84867E-21  2.84880E-21  2.84899E-21  2.84925E-21  2.84961E-21  2.85011E-21  2.85080E-21 
 3.31900E-21  3.31986E-21  3.32048E-21  3.32093E-21  3.32125E-21  3.32148E-21  3.32165E-21  3.32177E-21  3.32186E-21  3.32192E-21  3.32197E-21  3.32200E-21  3.32203E-21  3.32205E-21  3.32206E-21  3.32207E-21  3.32208E-21  3.32209E-21  3.32209E-21  3.32210E-21  3.32210E-21  3.32211E-21  3.32211E-21  3.32211E-21  3.32211E-21  3.32212E-21  3.32212E-21  3.32212E-21  3.32213E-21  3.32213E-21  3.32214E-21  3.32214E-21  3.32215E-21  3.32216E-21  3.32217E-21  3.32218E-21  3.32220E-21  3.32223E-21  3.32226E-21  3.32231E-21  3.32237E-21  3.32246E-21  3.32258E-21  3.32275E-21  3.32298E-21  3.32330E-21  3.32375E-21  3.32437E-21  3.32523E-21 
 3.89014E-21  3.89122E-21  3.89200E-21  3.89257E-21  3.89297E-21  3.89326E-21  3.89347E-21  3.89363E-21  3.89374E-21  3.89382E-21  3.89388E-21  3.89392E-21  3.89395E-21  3.89398E-21  3.89399E-21  3.89401E-21  3.89402E-21  3.89403E-21  3.89403E-21  3.89404E-21  3.89405E-21  3.89405E-21  3.89405E-21  3.89406E-21  3.89406E-21  3.89406E-21  3.89407E-21  3.89407E-21  3.89408E-21  3.89408E-21  3.89409E-21  3.89409E-21  3.89410E-21  3.89411E-21  3.89413E-21  3.89414E-21  3.89417E-21  3.89420E-21  3.89424E-21  3.89430E-21  3.89438E-21  3.89449E-21  3.89465E-21  3.89486E-21  3.89515E-21  3.89556E-21  3.89612E-21  3.89689E-21  3.89797E-21 
 4.70397E-21  4.70539E-21  4.70642E-21  4.70716E-21  4.70769E-21  4.70807E-21  4.70835E-21  4.70855E-21  4.70870E-21  4.70880E-21  4.70888E-21  4.70894E-21  4.70898E-21  4.70901E-21  4.70904E-21  4.70905E-21  4.70907E-21  4.70908E-21  4.70909E-21  4.70910E-21  4.70910E-21  4.70911E-21  4.70911E-21  4.70912E-21  4.70912E-21  4.70913E-21  4.70913E-21  4.70914E-21  4.70914E-21  4.70915E-21  4.70916E-21  4.70917E-21  4.70918E-21  4.70919E-21  4.70921E-21  4.70923E-21  4.70927E-21  4.70931E-21  4.70936E-21  4.70944E-21  4.70955E-21  4.70969E-21  4.70989E-21  4.71017E-21  4.71056E-21  4.71109E-21  4.71183E-21  4.71285E-21  4.71427E-21 
 5.81082E-21  5.81277E-21  5.81418E-21  5.81519E-21  5.81592E-21  5.81645E-21  5.81683E-21  5.81711E-21  5.81731E-21  5.81746E-21  5.81756E-21  5.81764E-21  5.81770E-21  5.81774E-21  5.81777E-21  5.81780E-21  5.81782E-21  5.81783E-21  5.81785E-21  5.81786E-21  5.81786E-21  5.81787E-21  5.81788E-21  5.81789E-21  5.81789E-21  5.81790E-21  5.81791E-21  5.81791E-21  5.81792E-21  5.81793E-21  5.81794E-21  5.81795E-21  5.81797E-21  5.81799E-21  5.81801E-21  5.81804E-21  5.81809E-21  5.81815E-21  5.81822E-21  5.81833E-21  5.81848E-21  5.81868E-21  5.81895E-21  5.81933E-21  5.81986E-21  5.82059E-21  5.82160E-21  5.82301E-21  5.82496E-21 
 7.38306E-21  7.38585E-21  7.38787E-21  7.38932E-21  7.39037E-21  7.39113E-21  7.39167E-21  7.39207E-21  7.39236E-21  7.39256E-21  7.39272E-21  7.39283E-21  7.39291E-21  7.39297E-21  7.39302E-21  7.39305E-21  7.39308E-21  7.39310E-21  7.39312E-21  7.39314E-21  7.39315E-21  7.39316E-21  7.39317E-21  7.39318E-21  7.39319E-21  7.39320E-21  7.39321E-21  7.39322E-21  7.39323E-21  7.39324E-21  7.39326E-21  7.39328E-21  7.39330E-21  7.39333E-21  7.39336E-21  7.39341E-21  7.39347E-21  7.39355E-21  7.39366E-21  7.39382E-21  7.39402E-21  7.39431E-21  7.39471E-21  7.39525E-21  7.39601E-21  7.39706E-21  7.39851E-21  7.40052E-21  7.40331E-21 
 9.38748E-21  9.39154E-21  9.39447E-21  9.39658E-21  9.39810E-21  9.39920E-21  9.40000E-21  9.40057E-21  9.40099E-21  9.40129E-21  9.40151E-21  9.40168E-21  9.40180E-21  9.40188E-21  9.40195E-21  9.40200E-21  9.40204E-21  9.40208E-21  9.40210E-21  9.40212E-21  9.40214E-21  9.40216E-21  9.40217E-21  9.40219E-21  9.40220E-21  9.40221E-21  9.40223E-21  9.40224E-21  9.40226E-21  9.40228E-21  9.40230E-21  9.40233E-21  9.40236E-21  9.40240E-21  9.40245E-21  9.40252E-21  9.40261E-21  9.40273E-21  9.40289E-21  9.40311E-21  9.40341E-21  9.40383E-21  9.40441E-21  9.40520E-21  9.40630E-21  9.40782E-21  9.40993E-21  9.41285E-21  9.41690E-21 
 1.23342E-20  1.23404E-20  1.23449E-20  1.23481E-20  1.23504E-20  1.23521E-20  1.23533E-20  1.23542E-20  1.23548E-20  1.23553E-20  1.23556E-20  1.23559E-20  1.23561E-20  1.23562E-20  1.23563E-20  1.23564E-20  1.23564E-20  1.23565E-20  1.23565E-20  1.23566E-20  1.23566E-20  1.23566E-20  1.23566E-20  1.23567E-20  1.23567E-20  1.23567E-20  1.23567E-20  1.23568E-20  1.23568E-20  1.23568E-20  1.23568E-20  1.23569E-20  1.23569E-20  1.23570E-20  1.23571E-20  1.23572E-20  1.23573E-20  1.23575E-20  1.23577E-20  1.23581E-20  1.23585E-20  1.23592E-20  1.23601E-20  1.23613E-20  1.23629E-20  1.23653E-20  1.23685E-20  1.23730E-20  1.23792E-20 
 1.66935E-20  1.67035E-20  1.67107E-20  1.67158E-20  1.67196E-20  1.67223E-20  1.67242E-20  1.67256E-20  1.67266E-20  1.67274E-20  1.67279E-20  1.67283E-20  1.67286E-20  1.67288E-20  1.67290E-20  1.67291E-20  1.67292E-20  1.67293E-20  1.67294E-20  1.67294E-20  1.67295E-20  1.67295E-20  1.67295E-20  1.67296E-20  1.67296E-20  1.67296E-20  1.67297E-20  1.67297E-20  1.67298E-20  1.67298E-20  1.67299E-20  1.67299E-20  1.67300E-20  1.67301E-20  1.67302E-20  1.67304E-20  1.67306E-20  1.67309E-20  1.67313E-20  1.67318E-20  1.67326E-20  1.67336E-20  1.67350E-20  1.67370E-20  1.67397E-20  1.67434E-20  1.67486E-20  1.67557E-20  1.67657E-20 
 2.05089E-20  2.05229E-20  2.05330E-20  2.05403E-20  2.05455E-20  2.05493E-20  2.05520E-20  2.05540E-20  2.05554E-20  2.05565E-20  2.05573E-20  2.05578E-20  2.05582E-20  2.05585E-20  2.05588E-20  2.05589E-20  2.05591E-20  2.05592E-20  2.05593E-20  2.05594E-20  2.05594E-20  2.05595E-20  2.05595E-20  2.05596E-20  2.05596E-20  2.05597E-20  2.05597E-20  2.05598E-20  2.05598E-20  2.05599E-20  2.05600E-20  2.05601E-20  2.05602E-20  2.05603E-20  2.05605E-20  2.05607E-20  2.05610E-20  2.05614E-20  2.05620E-20  2.05628E-20  2.05638E-20  2.05652E-20  2.05672E-20  2.05700E-20  2.05737E-20  2.05790E-20  2.05862E-20  2.05963E-20  2.06103E-20 
 2.31833E-20  2.32005E-20  2.32130E-20  2.32219E-20  2.32284E-20  2.32330E-20  2.32364E-20  2.32388E-20  2.32406E-20  2.32419E-20  2.32428E-20  2.32435E-20  2.32440E-20  2.32444E-20  2.32447E-20  2.32449E-20  2.32451E-20  2.32452E-20  2.32453E-20  2.32454E-20  2.32455E-20  2.32456E-20  2.32457E-20  2.32457E-20  2.32458E-20  2.32458E-20  2.32459E-20  2.32459E-20  2.32460E-20  2.32461E-20  2.32462E-20  2.32463E-20  2.32464E-20  2.32466E-20  2.32468E-20  2.32471E-20  2.32475E-20  2.32480E-20  2.32487E-20  2.32496E-20  2.32509E-20  2.32527E-20  2.32551E-20  2.32585E-20  2.32632E-20  2.32696E-20  2.32786E-20  2.32910E-20  2.33082E-20 
 2.63927E-20  2.64144E-20  2.64300E-20  2.64413E-20  2.64494E-20  2.64553E-20  2.64595E-20  2.64626E-20  2.64648E-20  2.64665E-20  2.64676E-20  2.64685E-20  2.64691E-20  2.64696E-20  2.64700E-20  2.64703E-20  2.64705E-20  2.64706E-20  2.64708E-20  2.64709E-20  2.64710E-20  2.64711E-20  2.64712E-20  2.64712E-20  2.64713E-20  2.64714E-20  2.64715E-20  2.64715E-20  2.64716E-20  2.64717E-20  2.64718E-20  2.64720E-20  2.64722E-20  2.64724E-20  2.64726E-20  2.64730E-20  2.64735E-20  2.64741E-20  2.64750E-20  2.64762E-20  2.64778E-20  2.64800E-20  2.64831E-20  2.64873E-20  2.64932E-20  2.65013E-20  2.65126E-20  2.65282E-20  2.65499E-20 
 2.80807E-20  2.81050E-20  2.81225E-20  2.81352E-20  2.81443E-20  2.81509E-20  2.81557E-20  2.81591E-20  2.81616E-20  2.81634E-20  2.81648E-20  2.81657E-20  2.81664E-20  2.81670E-20  2.81674E-20  2.81677E-20  2.81679E-20  2.81681E-20  2.81683E-20  2.81684E-20  2.81685E-20  2.81686E-20  2.81687E-20  2.81688E-20  2.81689E-20  2.81690E-20  2.81690E-20  2.81691E-20  2.81692E-20  2.81693E-20  2.81695E-20  2.81696E-20  2.81698E-20  2.81701E-20  2.81704E-20  2.81708E-20  2.81713E-20  2.81720E-20  2.81730E-20  2.81743E-20  2.81762E-20  2.81787E-20  2.81821E-20  2.81869E-20  2.81934E-20  2.82026E-20  2.82152E-20  2.82328E-20  2.82571E-20 
 2.91937E-20  2.92204E-20  2.92397E-20  2.92536E-20  2.92636E-20  2.92708E-20  2.92761E-20  2.92799E-20  2.92826E-20  2.92846E-20  2.92861E-20  2.92871E-20  2.92879E-20  2.92885E-20  2.92889E-20  2.92893E-20  2.92896E-20  2.92898E-20  2.92899E-20  2.92901E-20  2.92902E-20  2.92903E-20  2.92904E-20  2.92905E-20  2.92906E-20  2.92907E-20  2.92908E-20  2.92909E-20  2.92910E-20  2.92911E-20  2.92912E-20  2.92914E-20  2.92916E-20  2.92919E-20  2.92922E-20  2.92927E-20  2.92933E-20  2.92941E-20  2.92951E-20  2.92966E-20  2.92986E-20  2.93013E-20  2.93051E-20  2.93103E-20  2.93176E-20  2.93276E-20  2.93415E-20  2.93608E-20  2.93876E-20 
 2.91353E-20  2.91630E-20  2.91829E-20  2.91973E-20  2.92077E-20  2.92152E-20  2.92206E-20  2.92245E-20  2.92274E-20  2.92295E-20  2.92310E-20  2.92321E-20  2.92329E-20  2.92335E-20  2.92340E-20  2.92343E-20  2.92346E-20  2.92348E-20  2.92350E-20  2.92351E-20  2.92353E-20  2.92354E-20  2.92355E-20  2.92356E-20  2.92357E-20  2.92358E-20  2.92359E-20  2.92360E-20  2.92361E-20  2.92362E-20  2.92363E-20  2.92365E-20  2.92367E-20  2.92370E-20  2.92374E-20  2.92378E-20  2.92384E-20  2.92393E-20  2.92404E-20  2.92419E-20  2.92440E-20  2.92468E-20  2.92507E-20  2.92561E-20  2.92636E-20  2.92740E-20  2.92884E-20  2.93084E-20  2.93361E-20 
 2.66227E-20  2.66500E-20  2.66697E-20  2.66839E-20  2.66941E-20  2.67015E-20  2.67068E-20  2.67107E-20  2.67135E-20  2.67155E-20  2.67170E-20  2.67181E-20  2.67189E-20  2.67195E-20  2.67200E-20  2.67203E-20  2.67206E-20  2.67208E-20  2.67210E-20  2.67211E-20  2.67213E-20  2.67214E-20  2.67215E-20  2.67216E-20  2.67216E-20  2.67217E-20  2.67218E-20  2.67219E-20  2.67220E-20  2.67222E-20  2.67223E-20  2.67225E-20  2.67227E-20  2.67230E-20  2.67233E-20  2.67238E-20  2.67244E-20  2.67252E-20  2.67263E-20  2.67278E-20  2.67298E-20  2.67326E-20  2.67365E-20  2.67418E-20  2.67492E-20  2.67594E-20  2.67736E-20  2.67933E-20  2.68206E-20 
 2.89656E-20  2.89976E-20  2.90207E-20  2.90374E-20  2.90494E-20  2.90580E-20  2.90643E-20  2.90688E-20  2.90721E-20  2.90745E-20  2.90763E-20  2.90776E-20  2.90785E-20  2.90792E-20  2.90797E-20  2.90801E-20  2.90805E-20  2.90807E-20  2.90809E-20  2.90811E-20  2.90812E-20  2.90814E-20  2.90815E-20  2.90816E-20  2.90817E-20  2.90818E-20  2.90819E-20  2.90820E-20  2.90822E-20  2.90823E-20  2.90825E-20  2.90827E-20  2.90829E-20  2.90833E-20  2.90837E-20  2.90842E-20  2.90849E-20  2.90859E-20  2.90871E-20  2.90889E-20  2.90913E-20  2.90946E-20  2.90991E-20  2.91054E-20  2.91141E-20  2.91261E-20  2.91427E-20  2.91658E-20  2.91979E-20 
 3.05695E-20  3.06052E-20  3.06309E-20  3.06494E-20  3.06628E-20  3.06724E-20  3.06794E-20  3.06845E-20  3.06882E-20  3.06908E-20  3.06928E-20  3.06942E-20  3.06953E-20  3.06960E-20  3.06966E-20  3.06971E-20  3.06974E-20  3.06977E-20  3.06979E-20  3.06981E-20  3.06983E-20  3.06985E-20  3.06986E-20  3.06987E-20  3.06988E-20  3.06989E-20  3.06991E-20  3.06992E-20  3.06993E-20  3.06995E-20  3.06997E-20  3.06999E-20  3.07002E-20  3.07006E-20  3.07010E-20  3.07016E-20  3.07024E-20  3.07034E-20  3.07049E-20  3.07068E-20  3.07095E-20  3.07132E-20  3.07182E-20  3.07252E-20  3.07349E-20  3.07483E-20  3.07668E-20  3.07926E-20  3.08283E-20 
 3.11076E-20  3.11461E-20  3.11739E-20  3.11940E-20  3.12085E-20  3.12189E-20  3.12265E-20  3.12319E-20  3.12359E-20  3.12388E-20  3.12409E-20  3.12425E-20  3.12436E-20  3.12444E-20  3.12451E-20  3.12456E-20  3.12460E-20  3.12463E-20  3.12465E-20  3.12467E-20  3.12469E-20  3.12471E-20  3.12472E-20  3.12473E-20  3.12475E-20  3.12476E-20  3.12477E-20  3.12479E-20  3.12480E-20  3.12482E-20  3.12484E-20  3.12486E-20  3.12489E-20  3.12493E-20  3.12498E-20  3.12505E-20  3.12513E-20  3.12525E-20  3.12540E-20  3.12561E-20  3.12590E-20  3.12630E-20  3.12684E-20  3.12760E-20  3.12865E-20  3.13009E-20  3.13210E-20  3.13489E-20  3.13876E-20 
 3.12082E-20  3.12486E-20  3.12778E-20  3.12989E-20  3.13140E-20  3.13250E-20  3.13329E-20  3.13387E-20  3.13428E-20  3.13459E-20  3.13481E-20  3.13497E-20  3.13509E-20  3.13518E-20  3.13525E-20  3.13530E-20  3.13534E-20  3.13537E-20  3.13540E-20  3.13542E-20  3.13544E-20  3.13545E-20  3.13547E-20  3.13548E-20  3.13549E-20  3.13551E-20  3.13552E-20  3.13554E-20  3.13555E-20  3.13557E-20  3.13559E-20  3.13562E-20  3.13565E-20  3.13569E-20  3.13574E-20  3.13581E-20  3.13590E-20  3.13602E-20  3.13618E-20  3.13640E-20  3.13670E-20  3.13712E-20  3.13770E-20  3.13849E-20  3.13959E-20  3.14111E-20  3.14321E-20  3.14614E-20  3.15020E-20 
 3.11401E-20  3.11815E-20  3.12114E-20  3.12330E-20  3.12485E-20  3.12598E-20  3.12679E-20  3.12737E-20  3.12780E-20  3.12811E-20  3.12834E-20  3.12850E-20  3.12863E-20  3.12872E-20  3.12879E-20  3.12884E-20  3.12888E-20  3.12891E-20  3.12894E-20  3.12896E-20  3.12898E-20  3.12900E-20  3.12901E-20  3.12903E-20  3.12904E-20  3.12905E-20  3.12907E-20  3.12908E-20  3.12910E-20  3.12912E-20  3.12914E-20  3.12917E-20  3.12920E-20  3.12924E-20  3.12930E-20  3.12936E-20  3.12946E-20  3.12958E-20  3.12974E-20  3.12997E-20  3.13028E-20  3.13071E-20  3.13130E-20  3.13211E-20  3.13323E-20  3.13479E-20  3.13695E-20  3.13994E-20  3.14410E-20 
 3.09329E-20  3.09751E-20  3.10056E-20  3.10276E-20  3.10435E-20  3.10549E-20  3.10632E-20  3.10692E-20  3.10735E-20  3.10767E-20  3.10790E-20  3.10807E-20  3.10820E-20  3.10829E-20  3.10836E-20  3.10841E-20  3.10846E-20  3.10849E-20  3.10852E-20  3.10854E-20  3.10856E-20  3.10858E-20  3.10859E-20  3.10861E-20  3.10862E-20  3.10863E-20  3.10865E-20  3.10866E-20  3.10868E-20  3.10870E-20  3.10872E-20  3.10875E-20  3.10878E-20  3.10883E-20  3.10888E-20  3.10895E-20  3.10904E-20  3.10917E-20  3.10934E-20  3.10957E-20  3.10989E-20  3.11032E-20  3.11092E-20  3.11175E-20  3.11290E-20  3.11448E-20  3.11669E-20  3.11974E-20  3.12398E-20 
 3.06721E-20  3.07151E-20  3.07461E-20  3.07685E-20  3.07846E-20  3.07963E-20  3.08047E-20  3.08108E-20  3.08152E-20  3.08184E-20  3.08208E-20  3.08225E-20  3.08238E-20  3.08247E-20  3.08255E-20  3.08260E-20  3.08264E-20  3.08268E-20  3.08270E-20  3.08273E-20  3.08275E-20  3.08276E-20  3.08278E-20  3.08280E-20  3.08281E-20  3.08282E-20  3.08284E-20  3.08285E-20  3.08287E-20  3.08289E-20  3.08291E-20  3.08294E-20  3.08298E-20  3.08302E-20  3.08307E-20  3.08315E-20  3.08324E-20  3.08337E-20  3.08354E-20  3.08377E-20  3.08410E-20  3.08454E-20  3.08515E-20  3.08599E-20  3.08716E-20  3.08878E-20  3.09102E-20  3.09413E-20  3.09844E-20 
 3.04397E-20  3.04837E-20  3.05155E-20  3.05384E-20  3.05549E-20  3.05668E-20  3.05755E-20  3.05817E-20  3.05863E-20  3.05896E-20  3.05920E-20  3.05937E-20  3.05950E-20  3.05960E-20  3.05967E-20  3.05973E-20  3.05977E-20  3.05981E-20  3.05984E-20  3.05986E-20  3.05988E-20  3.05990E-20  3.05992E-20  3.05993E-20  3.05994E-20  3.05996E-20  3.05997E-20  3.05999E-20  3.06001E-20  3.06003E-20  3.06005E-20  3.06008E-20  3.06012E-20  3.06016E-20  3.06021E-20  3.06029E-20  3.06039E-20  3.06052E-20  3.06069E-20  3.06093E-20  3.06126E-20  3.06172E-20  3.06234E-20  3.06321E-20  3.06440E-20  3.06606E-20  3.06835E-20  3.07154E-20  3.07596E-20 
 3.04355E-20  3.04812E-20  3.05142E-20  3.05379E-20  3.05551E-20  3.05675E-20  3.05764E-20  3.05829E-20  3.05876E-20  3.05910E-20  3.05935E-20  3.05953E-20  3.05967E-20  3.05977E-20  3.05985E-20  3.05990E-20  3.05995E-20  3.05999E-20  3.06002E-20  3.06004E-20  3.06006E-20  3.06008E-20  3.06010E-20  3.06011E-20  3.06013E-20  3.06014E-20  3.06016E-20  3.06017E-20  3.06019E-20  3.06021E-20  3.06024E-20  3.06027E-20  3.06030E-20  3.06035E-20  3.06041E-20  3.06048E-20  3.06059E-20  3.06072E-20  3.06090E-20  3.06115E-20  3.06150E-20  3.06197E-20  3.06261E-20  3.06351E-20  3.06475E-20  3.06647E-20  3.06885E-20  3.07216E-20  3.07674E-20 
 3.24224E-20  3.24730E-20  3.25095E-20  3.25359E-20  3.25549E-20  3.25686E-20  3.25785E-20  3.25857E-20  3.25909E-20  3.25947E-20  3.25975E-20  3.25995E-20  3.26010E-20  3.26022E-20  3.26030E-20  3.26036E-20  3.26041E-20  3.26045E-20  3.26049E-20  3.26051E-20  3.26054E-20  3.26056E-20  3.26058E-20  3.26059E-20  3.26061E-20  3.26063E-20  3.26064E-20  3.26066E-20  3.26068E-20  3.26071E-20  3.26073E-20  3.26077E-20  3.26081E-20  3.26086E-20  3.26092E-20  3.26101E-20  3.26112E-20  3.26127E-20  3.26147E-20  3.26175E-20  3.26213E-20  3.26265E-20  3.26337E-20  3.26436E-20  3.26574E-20  3.26764E-20  3.27028E-20  3.27395E-20  3.27903E-20 
 3.58779E-20  3.59348E-20  3.59758E-20  3.60054E-20  3.60268E-20  3.60422E-20  3.60534E-20  3.60615E-20  3.60673E-20  3.60716E-20  3.60747E-20  3.60770E-20  3.60787E-20  3.60799E-20  3.60809E-20  3.60816E-20  3.60821E-20  3.60826E-20  3.60830E-20  3.60833E-20  3.60835E-20  3.60838E-20  3.60840E-20  3.60842E-20  3.60844E-20  3.60845E-20  3.60847E-20  3.60849E-20  3.60852E-20  3.60854E-20  3.60857E-20  3.60861E-20  3.60866E-20  3.60871E-20  3.60879E-20  3.60888E-20  3.60901E-20  3.60917E-20  3.60940E-20  3.60971E-20  3.61014E-20  3.61073E-20  3.61153E-20  3.61265E-20  3.61420E-20  3.61634E-20  3.61931E-20  3.62342E-20  3.62914E-20 
 4.48684E-20  4.49401E-20  4.49918E-20  4.50291E-20  4.50560E-20  4.50755E-20  4.50895E-20  4.50997E-20  4.51071E-20  4.51124E-20  4.51163E-20  4.51192E-20  4.51213E-20  4.51229E-20  4.51241E-20  4.51250E-20  4.51257E-20  4.51263E-20  4.51268E-20  4.51272E-20  4.51275E-20  4.51278E-20  4.51281E-20  4.51283E-20  4.51285E-20  4.51288E-20  4.51290E-20  4.51293E-20  4.51296E-20  4.51299E-20  4.51303E-20  4.51307E-20  4.51313E-20  4.51320E-20  4.51329E-20  4.51341E-20  4.51357E-20  4.51378E-20  4.51407E-20  4.51446E-20  4.51500E-20  4.51574E-20  4.51676E-20  4.51816E-20  4.52011E-20  4.52281E-20  4.52655E-20  4.53174E-20  4.53894E-20 
 6.33671E-20  6.34682E-20  6.35412E-20  6.35938E-20  6.36318E-20  6.36592E-20  6.36791E-20  6.36934E-20  6.37038E-20  6.37114E-20  6.37169E-20  6.37210E-20  6.37240E-20  6.37262E-20  6.37279E-20  6.37292E-20  6.37302E-20  6.37310E-20  6.37317E-20  6.37322E-20  6.37327E-20  6.37331E-20  6.37335E-20  6.37338E-20  6.37341E-20  6.37345E-20  6.37348E-20  6.37352E-20  6.37356E-20  6.37361E-20  6.37366E-20  6.37373E-20  6.37381E-20  6.37391E-20  6.37404E-20  6.37420E-20  6.37443E-20  6.37473E-20  6.37513E-20  6.37569E-20  6.37644E-20  6.37749E-20  6.37892E-20  6.38091E-20  6.38365E-20  6.38746E-20  6.39274E-20  6.40006E-20  6.41022E-20 
 8.63955E-20  8.65322E-20  8.66308E-20  8.67019E-20  8.67532E-20  8.67903E-20  8.68171E-20  8.68365E-20  8.68505E-20  8.68608E-20  8.68683E-20  8.68737E-20  8.68778E-20  8.68808E-20  8.68831E-20  8.68848E-20  8.68862E-20  8.68873E-20  8.68881E-20  8.68889E-20  8.68895E-20  8.68901E-20  8.68906E-20  8.68910E-20  8.68915E-20  8.68919E-20  8.68924E-20  8.68929E-20  8.68934E-20  8.68941E-20  8.68948E-20  8.68957E-20  8.68968E-20  8.68981E-20  8.68999E-20  8.69022E-20  8.69052E-20  8.69092E-20  8.69147E-20  8.69222E-20  8.69324E-20  8.69465E-20  8.69659E-20  8.69927E-20  8.70298E-20  8.70812E-20  8.71525E-20  8.72514E-20  8.73888E-20 
 1.29139E-19  1.29341E-19  1.29487E-19  1.29592E-19  1.29668E-19  1.29722E-19  1.29762E-19  1.29790E-19  1.29811E-19  1.29826E-19  1.29837E-19  1.29845E-19  1.29851E-19  1.29856E-19  1.29859E-19  1.29862E-19  1.29864E-19  1.29865E-19  1.29867E-19  1.29868E-19  1.29869E-19  1.29870E-19  1.29870E-19  1.29871E-19  1.29872E-19  1.29872E-19  1.29873E-19  1.29874E-19  1.29875E-19  1.29875E-19  1.29877E-19  1.29878E-19  1.29879E-19  1.29881E-19  1.29884E-19  1.29887E-19  1.29892E-19  1.29898E-19  1.29906E-19  1.29917E-19  1.29932E-19  1.29953E-19  1.29982E-19  1.30021E-19  1.30076E-19  1.30152E-19  1.30257E-19  1.30403E-19  1.30606E-19 
 1.99356E-19  1.99664E-19  1.99886E-19  2.00047E-19  2.00162E-19  2.00246E-19  2.00306E-19  2.00350E-19  2.00382E-19  2.00405E-19  2.00422E-19  2.00434E-19  2.00443E-19  2.00450E-19  2.00455E-19  2.00459E-19  2.00462E-19  2.00464E-19  2.00466E-19  2.00468E-19  2.00469E-19  2.00471E-19  2.00472E-19  2.00473E-19  2.00474E-19  2.00475E-19  2.00476E-19  2.00477E-19  2.00478E-19  2.00480E-19  2.00481E-19  2.00483E-19  2.00486E-19  2.00489E-19  2.00493E-19  2.00498E-19  2.00505E-19  2.00514E-19  2.00526E-19  2.00543E-19  2.00566E-19  2.00598E-19  2.00642E-19  2.00702E-19  2.00786E-19  2.00902E-19  2.01062E-19  2.01285E-19  2.01594E-19 
 3.30163E-19  3.30670E-19  3.31036E-19  3.31300E-19  3.31490E-19  3.31627E-19  3.31727E-19  3.31799E-19  3.31851E-19  3.31889E-19  3.31916E-19  3.31937E-19  3.31952E-19  3.31963E-19  3.31971E-19  3.31978E-19  3.31983E-19  3.31987E-19  3.31990E-19  3.31993E-19  3.31995E-19  3.31997E-19  3.31999E-19  3.32001E-19  3.32003E-19  3.32004E-19  3.32006E-19  3.32008E-19  3.32010E-19  3.32012E-19  3.32015E-19  3.32018E-19  3.32022E-19  3.32027E-19  3.32034E-19  3.32042E-19  3.32053E-19  3.32068E-19  3.32089E-19  3.32116E-19  3.32154E-19  3.32207E-19  3.32278E-19  3.32378E-19  3.32515E-19  3.32706E-19  3.32970E-19  3.33337E-19  3.33846E-19 
 5.81912E-19  5.82806E-19  5.83450E-19  5.83915E-19  5.84250E-19  5.84493E-19  5.84668E-19  5.84794E-19  5.84886E-19  5.84953E-19  5.85002E-19  5.85038E-19  5.85064E-19  5.85084E-19  5.85099E-19  5.85110E-19  5.85119E-19  5.85126E-19  5.85132E-19  5.85137E-19  5.85141E-19  5.85145E-19  5.85148E-19  5.85151E-19  5.85154E-19  5.85157E-19  5.85160E-19  5.85163E-19  5.85167E-19  5.85171E-19  5.85176E-19  5.85181E-19  5.85189E-19  5.85197E-19  5.85209E-19  5.85224E-19  5.85243E-19  5.85270E-19  5.85306E-19  5.85354E-19  5.85421E-19  5.85513E-19  5.85640E-19  5.85815E-19  5.86058E-19  5.86394E-19  5.86859E-19  5.87506E-19  5.88402E-19 
 1.19225E-18  1.19411E-18  1.19544E-18  1.19641E-18  1.19710E-18  1.19760E-18  1.19797E-18  1.19823E-18  1.19842E-18  1.19856E-18  1.19866E-18  1.19873E-18  1.19879E-18  1.19883E-18  1.19886E-18  1.19888E-18  1.19890E-18  1.19892E-18  1.19893E-18  1.19894E-18  1.19895E-18  1.19896E-18  1.19896E-18  1.19897E-18  1.19897E-18  1.19898E-18  1.19899E-18  1.19899E-18  1.19900E-18  1.19901E-18  1.19902E-18  1.19903E-18  1.19905E-18  1.19906E-18  1.19909E-18  1.19912E-18  1.19916E-18  1.19922E-18  1.19929E-18  1.19939E-18  1.19953E-18  1.19972E-18  1.19998E-18  1.20035E-18  1.20085E-18  1.20155E-18  1.20251E-18  1.20385E-18  1.20571E-18 
 2.08952E-18  2.09282E-18  2.09521E-18  2.09692E-18  2.09816E-18  2.09906E-18  2.09971E-18  2.10018E-18  2.10052E-18  2.10076E-18  2.10094E-18  2.10108E-18  2.10117E-18  2.10125E-18  2.10130E-18  2.10134E-18  2.10138E-18  2.10140E-18  2.10142E-18  2.10144E-18  2.10146E-18  2.10147E-18  2.10148E-18  2.10149E-18  2.10150E-18  2.10151E-18  2.10153E-18  2.10154E-18  2.10155E-18  2.10157E-18  2.10158E-18  2.10161E-18  2.10163E-18  2.10166E-18  2.10171E-18  2.10176E-18  2.10183E-18  2.10193E-18  2.10206E-18  2.10225E-18  2.10249E-18  2.10283E-18  2.10330E-18  2.10395E-18  2.10485E-18  2.10609E-18  2.10781E-18  2.11020E-18  2.11351E-18 
 3.41510E-18  3.42063E-18  3.42462E-18  3.42750E-18  3.42958E-18  3.43108E-18  3.43216E-18  3.43295E-18  3.43352E-18  3.43393E-18  3.43423E-18  3.43446E-18  3.43462E-18  3.43474E-18  3.43483E-18  3.43490E-18  3.43496E-18  3.43500E-18  3.43504E-18  3.43507E-18  3.43509E-18  3.43512E-18  3.43514E-18  3.43516E-18  3.43517E-18  3.43519E-18  3.43521E-18  3.43523E-18  3.43525E-18  3.43528E-18  3.43531E-18  3.43534E-18  3.43539E-18  3.43544E-18  3.43551E-18  3.43561E-18  3.43573E-18  3.43589E-18  3.43611E-18  3.43642E-18  3.43683E-18  3.43740E-18  3.43819E-18  3.43927E-18  3.44077E-18  3.44285E-18  3.44574E-18  3.44974E-18  3.45529E-18 
 4.69552E-18  4.70328E-18  4.70888E-18  4.71292E-18  4.71583E-18  4.71794E-18  4.71946E-18  4.72056E-18  4.72136E-18  4.72194E-18  4.72236E-18  4.72267E-18  4.72290E-18  4.72307E-18  4.72320E-18  4.72330E-18  4.72338E-18  4.72344E-18  4.72349E-18  4.72353E-18  4.72357E-18  4.72360E-18  4.72363E-18  4.72366E-18  4.72368E-18  4.72371E-18  4.72373E-18  4.72376E-18  4.72379E-18  4.72383E-18  4.72387E-18  4.72392E-18  4.72398E-18  4.72406E-18  4.72416E-18  4.72429E-18  4.72446E-18  4.72469E-18  4.72500E-18  4.72542E-18  4.72600E-18  4.72680E-18  4.72791E-18  4.72943E-18  4.73153E-18  4.73445E-18  4.73850E-18  4.74411E-18  4.75191E-18 
 5.50260E-18  5.51199E-18  5.51875E-18  5.52364E-18  5.52716E-18  5.52970E-18  5.53154E-18  5.53288E-18  5.53384E-18  5.53454E-18  5.53506E-18  5.53543E-18  5.53571E-18  5.53592E-18  5.53607E-18  5.53619E-18  5.53629E-18  5.53636E-18  5.53642E-18  5.53647E-18  5.53652E-18  5.53655E-18  5.53659E-18  5.53662E-18  5.53665E-18  5.53668E-18  5.53671E-18  5.53675E-18  5.53679E-18  5.53683E-18  5.53688E-18  5.53694E-18  5.53702E-18  5.53711E-18  5.53723E-18  5.53738E-18  5.53759E-18  5.53787E-18  5.53825E-18  5.53876E-18  5.53946E-18  5.54043E-18  5.54176E-18  5.54360E-18  5.54615E-18  5.54968E-18  5.55458E-18  5.56137E-18  5.57079E-18 
 6.42114E-18  6.43253E-18  6.44075E-18  6.44668E-18  6.45096E-18  6.45405E-18  6.45628E-18  6.45790E-18  6.45907E-18  6.45993E-18  6.46055E-18  6.46101E-18  6.46134E-18  6.46160E-18  6.46179E-18  6.46193E-18  6.46204E-18  6.46214E-18  6.46221E-18  6.46227E-18  6.46232E-18  6.46237E-18  6.46241E-18  6.46245E-18  6.46249E-18  6.46252E-18  6.46256E-18  6.46260E-18  6.46265E-18  6.46270E-18  6.46277E-18  6.46284E-18  6.46293E-18  6.46304E-18  6.46319E-18  6.46338E-18  6.46363E-18  6.46397E-18  6.46442E-18  6.46505E-18  6.46590E-18  6.46708E-18  6.46869E-18  6.47093E-18  6.47403E-18  6.47831E-18  6.48426E-18  6.49251E-18  6.50397E-18 
 7.47753E-18  7.49130E-18  7.50123E-18  7.50839E-18  7.51356E-18  7.51730E-18  7.52000E-18  7.52196E-18  7.52337E-18  7.52441E-18  7.52516E-18  7.52571E-18  7.52612E-18  7.52643E-18  7.52665E-18  7.52683E-18  7.52697E-18  7.52708E-18  7.52716E-18  7.52724E-18  7.52730E-18  7.52736E-18  7.52741E-18  7.52746E-18  7.52750E-18  7.52755E-18  7.52759E-18  7.52764E-18  7.52770E-18  7.52776E-18  7.52784E-18  7.52793E-18  7.52804E-18  7.52817E-18  7.52835E-18  7.52858E-18  7.52888E-18  7.52929E-18  7.52984E-18  7.53060E-18  7.53163E-18  7.53305E-18  7.53501E-18  7.53771E-18  7.54146E-18  7.54664E-18  7.55384E-18  7.56383E-18  7.57769E-18 
 1.12446E-17  1.12659E-17  1.12813E-17  1.12924E-17  1.13005E-17  1.13063E-17  1.13105E-17  1.13135E-17  1.13157E-17  1.13173E-17  1.13185E-17  1.13193E-17  1.13200E-17  1.13204E-17  1.13208E-17  1.13211E-17  1.13213E-17  1.13214E-17  1.13216E-17  1.13217E-17  1.13218E-17  1.13219E-17  1.13220E-17  1.13220E-17  1.13221E-17  1.13222E-17  1.13222E-17  1.13223E-17  1.13224E-17  1.13225E-17  1.13226E-17  1.13228E-17  1.13229E-17  1.13231E-17  1.13234E-17  1.13238E-17  1.13242E-17  1.13249E-17  1.13257E-17  1.13269E-17  1.13285E-17  1.13307E-17  1.13338E-17  1.13380E-17  1.13438E-17  1.13518E-17  1.13630E-17  1.13785E-17  1.14001E-17 
 2.18560E-17  2.18986E-17  2.19293E-17  2.19515E-17  2.19676E-17  2.19791E-17  2.19875E-17  2.19936E-17  2.19980E-17  2.20012E-17  2.20035E-17  2.20052E-17  2.20065E-17  2.20074E-17  2.20081E-17  2.20087E-17  2.20091E-17  2.20095E-17  2.20097E-17  2.20100E-17  2.20102E-17  2.20103E-17  2.20105E-17  2.20106E-17  2.20108E-17  2.20109E-17  2.20111E-17  2.20112E-17  2.20114E-17  2.20116E-17  2.20118E-17  2.20121E-17  2.20124E-17  2.20129E-17  2.20134E-17  2.20141E-17  2.20151E-17  2.20163E-17  2.20180E-17  2.20204E-17  2.20236E-17  2.20280E-17  2.20341E-17  2.20424E-17  2.20541E-17  2.20702E-17  2.20925E-17  2.21235E-17  2.21667E-17 
 4.11706E-17  4.12528E-17  4.13122E-17  4.13550E-17  4.13860E-17  4.14083E-17  4.14245E-17  4.14362E-17  4.14447E-17  4.14509E-17  4.14554E-17  4.14587E-17  4.14611E-17  4.14629E-17  4.14643E-17  4.14654E-17  4.14662E-17  4.14668E-17  4.14674E-17  4.14678E-17  4.14682E-17  4.14685E-17  4.14688E-17  4.14691E-17  4.14694E-17  4.14697E-17  4.14699E-17  4.14702E-17  4.14706E-17  4.14710E-17  4.14714E-17  4.14719E-17  4.14726E-17  4.14734E-17  4.14745E-17  4.14758E-17  4.14777E-17  4.14801E-17  4.14834E-17  4.14879E-17  4.14941E-17  4.15026E-17  4.15144E-17  4.15306E-17  4.15530E-17  4.15841E-17  4.16273E-17  4.16872E-17  4.17705E-17 
 7.63533E-17  7.65072E-17  7.66184E-17  7.66987E-17  7.67566E-17  7.67985E-17  7.68288E-17  7.68507E-17  7.68666E-17  7.68782E-17  7.68867E-17  7.68929E-17  7.68975E-17  7.69009E-17  7.69034E-17  7.69054E-17  7.69070E-17  7.69082E-17  7.69092E-17  7.69100E-17  7.69107E-17  7.69114E-17  7.69119E-17  7.69125E-17  7.69130E-17  7.69134E-17  7.69140E-17  7.69145E-17  7.69152E-17  7.69159E-17  7.69167E-17  7.69177E-17  7.69190E-17  7.69205E-17  7.69225E-17  7.69250E-17  7.69285E-17  7.69330E-17  7.69392E-17  7.69477E-17  7.69593E-17  7.69752E-17  7.69972E-17  7.70276E-17  7.70696E-17  7.71279E-17  7.72087E-17  7.73210E-17  7.74771E-17 
 1.45877E-16  1.46171E-16  1.46383E-16  1.46537E-16  1.46648E-16  1.46728E-16  1.46785E-16  1.46827E-16  1.46858E-16  1.46880E-16  1.46896E-16  1.46908E-16  1.46917E-16  1.46923E-16  1.46928E-16  1.46932E-16  1.46935E-16  1.46937E-16  1.46939E-16  1.46941E-16  1.46942E-16  1.46943E-16  1.46944E-16  1.46945E-16  1.46946E-16  1.46947E-16  1.46948E-16  1.46949E-16  1.46951E-16  1.46952E-16  1.46953E-16  1.46955E-16  1.46958E-16  1.46961E-16  1.46964E-16  1.46969E-16  1.46976E-16  1.46985E-16  1.46996E-16  1.47013E-16  1.47035E-16  1.47065E-16  1.47107E-16  1.47165E-16  1.47246E-16  1.47357E-16  1.47511E-16  1.47726E-16  1.48024E-16 
 3.13247E-16  3.13871E-16  3.14322E-16  3.14647E-16  3.14883E-16  3.15052E-16  3.15175E-16  3.15264E-16  3.15329E-16  3.15376E-16  3.15410E-16  3.15435E-16  3.15454E-16  3.15467E-16  3.15478E-16  3.15486E-16  3.15492E-16  3.15497E-16  3.15501E-16  3.15504E-16  3.15507E-16  3.15510E-16  3.15512E-16  3.15514E-16  3.15516E-16  3.15518E-16  3.15521E-16  3.15523E-16  3.15525E-16  3.15528E-16  3.15532E-16  3.15536E-16  3.15541E-16  3.15547E-16  3.15555E-16  3.15565E-16  3.15579E-16  3.15598E-16  3.15623E-16  3.15657E-16  3.15704E-16  3.15769E-16  3.15858E-16  3.15981E-16  3.16151E-16  3.16388E-16  3.16716E-16  3.17171E-16  3.17803E-16 
 8.30363E-16  8.31977E-16  8.33143E-16  8.33984E-16  8.34592E-16  8.35030E-16  8.35348E-16  8.35578E-16  8.35744E-16  8.35866E-16  8.35954E-16  8.36019E-16  8.36067E-16  8.36103E-16  8.36130E-16  8.36150E-16  8.36167E-16  8.36179E-16  8.36190E-16  8.36199E-16  8.36206E-16  8.36213E-16  8.36219E-16  8.36224E-16  8.36229E-16  8.36235E-16  8.36240E-16  8.36246E-16  8.36253E-16  8.36260E-16  8.36269E-16  8.36279E-16  8.36292E-16  8.36308E-16  8.36329E-16  8.36356E-16  8.36392E-16  8.36440E-16  8.36505E-16  8.36593E-16  8.36715E-16  8.36882E-16  8.37112E-16  8.37430E-16  8.37871E-16  8.38481E-16  8.39328E-16  8.40504E-16  8.42138E-16 
 2.15835E-15  2.16244E-15  2.16540E-15  2.16754E-15  2.16908E-15  2.17019E-15  2.17100E-15  2.17158E-15  2.17201E-15  2.17231E-15  2.17254E-15  2.17270E-15  2.17282E-15  2.17292E-15  2.17298E-15  2.17304E-15  2.17308E-15  2.17311E-15  2.17314E-15  2.17316E-15  2.17318E-15  2.17319E-15  2.17321E-15  2.17322E-15  2.17324E-15  2.17325E-15  2.17326E-15  2.17328E-15  2.17330E-15  2.17331E-15  2.17334E-15  2.17336E-15  2.17340E-15  2.17344E-15  2.17349E-15  2.17356E-15  2.17365E-15  2.17377E-15  2.17394E-15  2.17416E-15  2.17447E-15  2.17489E-15  2.17548E-15  2.17628E-15  2.17740E-15  2.17895E-15  2.18110E-15  2.18408E-15  2.18823E-15 
 5.48993E-15  5.50008E-15  5.50741E-15  5.51269E-15  5.51651E-15  5.51927E-15  5.52127E-15  5.52271E-15  5.52376E-15  5.52452E-15  5.52508E-15  5.52548E-15  5.52579E-15  5.52601E-15  5.52618E-15  5.52631E-15  5.52641E-15  5.52649E-15  5.52656E-15  5.52661E-15  5.52666E-15  5.52670E-15  5.52674E-15  5.52677E-15  5.52681E-15  5.52684E-15  5.52687E-15  5.52691E-15  5.52695E-15  5.52700E-15  5.52706E-15  5.52712E-15  5.52720E-15  5.52730E-15  5.52743E-15  5.52760E-15  5.52783E-15  5.52813E-15  5.52854E-15  5.52909E-15  5.52986E-15  5.53091E-15  5.53235E-15  5.53435E-15  5.53712E-15  5.54095E-15  5.54627E-15  5.55366E-15  5.56393E-15 
 1.37342E-14  1.37590E-14  1.37768E-14  1.37897E-14  1.37990E-14  1.38058E-14  1.38106E-14  1.38141E-14  1.38167E-14  1.38186E-14  1.38199E-14  1.38209E-14  1.38216E-14  1.38222E-14  1.38226E-14  1.38229E-14  1.38232E-14  1.38234E-14  1.38235E-14  1.38237E-14  1.38238E-14  1.38239E-14  1.38240E-14  1.38241E-14  1.38241E-14  1.38242E-14  1.38243E-14  1.38244E-14  1.38245E-14  1.38246E-14  1.38247E-14  1.38249E-14  1.38251E-14  1.38253E-14  1.38257E-14  1.38261E-14  1.38266E-14  1.38274E-14  1.38283E-14  1.38297E-14  1.38316E-14  1.38341E-14  1.38376E-14  1.38425E-14  1.38493E-14  1.38586E-14  1.38716E-14  1.38896E-14  1.39146E-14 
 3.34736E-14  3.35325E-14  3.35749E-14  3.36056E-14  3.36277E-14  3.36437E-14  3.36553E-14  3.36637E-14  3.36697E-14  3.36742E-14  3.36774E-14  3.36797E-14  3.36815E-14  3.36828E-14  3.36838E-14  3.36845E-14  3.36851E-14  3.36856E-14  3.36860E-14  3.36863E-14  3.36866E-14  3.36868E-14  3.36870E-14  3.36872E-14  3.36874E-14  3.36876E-14  3.36878E-14  3.36880E-14  3.36883E-14  3.36885E-14  3.36889E-14  3.36892E-14  3.36897E-14  3.36903E-14  3.36910E-14  3.36920E-14  3.36933E-14  3.36951E-14  3.36974E-14  3.37007E-14  3.37051E-14  3.37112E-14  3.37196E-14  3.37311E-14  3.37472E-14  3.37694E-14  3.38002E-14  3.38430E-14  3.39025E-14 
 8.34920E-14  8.36341E-14  8.37366E-14  8.38106E-14  8.38640E-14  8.39026E-14  8.39305E-14  8.39507E-14  8.39654E-14  8.39760E-14  8.39838E-14  8.39895E-14  8.39937E-14  8.39969E-14  8.39992E-14  8.40011E-14  8.40025E-14  8.40036E-14  8.40045E-14  8.40053E-14  8.40059E-14  8.40065E-14  8.40071E-14  8.40075E-14  8.40080E-14  8.40085E-14  8.40089E-14  8.40095E-14  8.40101E-14  8.40107E-14  8.40115E-14  8.40124E-14  8.40135E-14  8.40149E-14  8.40168E-14  8.40191E-14  8.40223E-14  8.40265E-14  8.40322E-14  8.40400E-14  8.40507E-14  8.40653E-14  8.40856E-14  8.41135E-14  8.41522E-14  8.42058E-14  8.42802E-14  8.43834E-14  8.45268E-14 
 2.26008E-13  2.26374E-13  2.26638E-13  2.26829E-13  2.26967E-13  2.27066E-13  2.27138E-13  2.27190E-13  2.27228E-13  2.27256E-13  2.27276E-13  2.27290E-13  2.27301E-13  2.27309E-13  2.27315E-13  2.27320E-13  2.27324E-13  2.27327E-13  2.27329E-13  2.27331E-13  2.27333E-13  2.27334E-13  2.27336E-13  2.27337E-13  2.27338E-13  2.27339E-13  2.27340E-13  2.27342E-13  2.27343E-13  2.27345E-13  2.27347E-13  2.27349E-13  2.27352E-13  2.27356E-13  2.27360E-13  2.27367E-13  2.27375E-13  2.27386E-13  2.27400E-13  2.27420E-13  2.27448E-13  2.27486E-13  2.27538E-13  2.27610E-13  2.27709E-13  2.27848E-13  2.28039E-13  2.28305E-13  2.28674E-13 
 7.45947E-13  7.47080E-13  7.47897E-13  7.48487E-13  7.48912E-13  7.49219E-13  7.49442E-13  7.49602E-13  7.49719E-13  7.49804E-13  7.49866E-13  7.49911E-13  7.49945E-13  7.49970E-13  7.49989E-13  7.50003E-13  7.50014E-13  7.50023E-13  7.50031E-13  7.50037E-13  7.50042E-13  7.50047E-13  7.50051E-13  7.50055E-13  7.50058E-13  7.50062E-13  7.50066E-13  7.50070E-13  7.50075E-13  7.50080E-13  7.50086E-13  7.50093E-13  7.50102E-13  7.50114E-13  7.50128E-13  7.50147E-13  7.50172E-13  7.50205E-13  7.50251E-13  7.50313E-13  7.50398E-13  7.50514E-13  7.50675E-13  7.50898E-13  7.51205E-13  7.51632E-13  7.52223E-13  7.53043E-13  7.54182E-13 
 5.02401E-12  5.03066E-12  5.03545E-12  5.03890E-12  5.04140E-12  5.04320E-12  5.04450E-12  5.04544E-12  5.04613E-12  5.04662E-12  5.04699E-12  5.04725E-12  5.04745E-12  5.04759E-12  5.04771E-12  5.04779E-12  5.04786E-12  5.04791E-12  5.04795E-12  5.04799E-12  5.04802E-12  5.04804E-12  5.04807E-12  5.04809E-12  5.04811E-12  5.04813E-12  5.04816E-12  5.04818E-12  5.04821E-12  5.04824E-12  5.04828E-12  5.04832E-12  5.04837E-12  5.04844E-12  5.04852E-12  5.04863E-12  5.04878E-12  5.04898E-12  5.04924E-12  5.04960E-12  5.05010E-12  5.05078E-12  5.05173E-12  5.05303E-12  5.05483E-12  5.05733E-12  5.06079E-12  5.06559E-12  5.07225E-12 
 1.42378E-11  1.42550E-11  1.42674E-11  1.42764E-11  1.42828E-11  1.42875E-11  1.42908E-11  1.42933E-11  1.42950E-11  1.42963E-11  1.42973E-11  1.42979E-11  1.42984E-11  1.42988E-11  1.42991E-11  1.42993E-11  1.42995E-11  1.42996E-11  1.42997E-11  1.42998E-11  1.42999E-11  1.43000E-11  1.43001E-11  1.43001E-11  1.43002E-11  1.43002E-11  1.43003E-11  1.43003E-11  1.43004E-11  1.43005E-11  1.43006E-11  1.43007E-11  1.43008E-11  1.43010E-11  1.43012E-11  1.43015E-11  1.43019E-11  1.43024E-11  1.43031E-11  1.43040E-11  1.43053E-11  1.43071E-11  1.43095E-11  1.43129E-11  1.43175E-11  1.43240E-11  1.43329E-11  1.43453E-11  1.43625E-11 
 4.73618E-11  4.74130E-11  4.74499E-11  4.74765E-11  4.74957E-11  4.75096E-11  4.75196E-11  4.75269E-11  4.75321E-11  4.75360E-11  4.75388E-11  4.75408E-11  4.75423E-11  4.75435E-11  4.75443E-11  4.75450E-11  4.75455E-11  4.75459E-11  4.75462E-11  4.75465E-11  4.75467E-11  4.75469E-11  4.75471E-11  4.75473E-11  4.75475E-11  4.75476E-11  4.75478E-11  4.75480E-11  4.75482E-11  4.75484E-11  4.75487E-11  4.75490E-11  4.75494E-11  4.75499E-11  4.75506E-11  4.75514E-11  4.75526E-11  4.75541E-11  4.75561E-11  4.75589E-11  4.75628E-11  4.75680E-11  4.75753E-11  4.75853E-11  4.75992E-11  4.76184E-11  4.76450E-11  4.76819E-11  4.77331E-11 
 1.40582E-10  1.40721E-10  1.40821E-10  1.40893E-10  1.40945E-10  1.40983E-10  1.41010E-10  1.41030E-10  1.41044E-10  1.41055E-10  1.41062E-10  1.41068E-10  1.41072E-10  1.41075E-10  1.41077E-10  1.41079E-10  1.41080E-10  1.41081E-10  1.41082E-10  1.41083E-10  1.41084E-10  1.41084E-10  1.41085E-10  1.41085E-10  1.41086E-10  1.41086E-10  1.41087E-10  1.41087E-10  1.41088E-10  1.41088E-10  1.41089E-10  1.41090E-10  1.41091E-10  1.41092E-10  1.41094E-10  1.41096E-10  1.41100E-10  1.41104E-10  1.41109E-10  1.41117E-10  1.41127E-10  1.41141E-10  1.41161E-10  1.41188E-10  1.41226E-10  1.41278E-10  1.41350E-10  1.41450E-10  1.41589E-10 
 3.75980E-10  3.76330E-10  3.76583E-10  3.76765E-10  3.76896E-10  3.76991E-10  3.77059E-10  3.77109E-10  3.77145E-10  3.77171E-10  3.77190E-10  3.77204E-10  3.77214E-10  3.77222E-10  3.77228E-10  3.77232E-10  3.77236E-10  3.77239E-10  3.77241E-10  3.77243E-10  3.77244E-10  3.77246E-10  3.77247E-10  3.77248E-10  3.77249E-10  3.77251E-10  3.77252E-10  3.77253E-10  3.77254E-10  3.77256E-10  3.77258E-10  3.77260E-10  3.77263E-10  3.77266E-10  3.77271E-10  3.77277E-10  3.77284E-10  3.77295E-10  3.77309E-10  3.77328E-10  3.77354E-10  3.77390E-10  3.77440E-10  3.77508E-10  3.77603E-10  3.77734E-10  3.77916E-10  3.78168E-10  3.78518E-10 
 8.26667E-10  8.27417E-10  8.27957E-10  8.28346E-10  8.28627E-10  8.28830E-10  8.28977E-10  8.29083E-10  8.29160E-10  8.29216E-10  8.29257E-10  8.29287E-10  8.29309E-10  8.29325E-10  8.29338E-10  8.29347E-10  8.29355E-10  8.29361E-10  8.29365E-10  8.29369E-10  8.29373E-10  8.29376E-10  8.29379E-10  8.29381E-10  8.29384E-10  8.29386E-10  8.29389E-10  8.29391E-10  8.29394E-10  8.29398E-10  8.29402E-10  8.29407E-10  8.29413E-10  8.29420E-10  8.29430E-10  8.29442E-10  8.29459E-10  8.29481E-10  8.29511E-10  8.29552E-10  8.29608E-10  8.29684E-10  8.29791E-10  8.29937E-10  8.30140E-10  8.30421E-10  8.30810E-10  8.31350E-10  8.32099E-10 
