Height[km] Temp[K]   Vmic[cm/s]    Damp          Nl[cm-3]      Nu[cm-3]      Cul[s-1]      Qel[s-1]
 2219.43  102770.0   1.19000E+06   5.40373E-04   1.23446E-07   1.22867E-10   2.81029E+03   1.13214E+04
 2217.88   98790.0   1.18000E+06   5.46369E-04   1.52573E-07   1.50484E-10   2.83852E+03   1.16758E+04
 2216.43   94800.0   1.17000E+06   5.52544E-04   1.98729E-07   1.94008E-10   2.81509E+03   1.20385E+04
 2215.08   90816.0   1.16000E+06   5.58897E-04   2.62644E-07   2.53966E-10   2.80120E+03   1.24430E+04
 2212.92   83891.0   1.15000E+06   5.67503E-04   4.37278E-07   4.17599E-10   2.80080E+03   1.31972E+04
 2210.75   75934.0   1.13000E+06   5.81349E-04   8.07929E-07   7.55657E-10   2.87997E+03   1.42106E+04
 2209.65   71336.0   1.12000E+06   5.89095E-04   1.15679E-06   1.06953E-09   2.98499E+03   1.48917E+04
 2208.53   66145.0   1.10000E+06   6.02038E-04   1.73702E-06   1.57551E-09   3.17066E+03   1.57479E+04
 2207.40   60170.0   1.08000E+06   6.16409E-04   2.81760E-06   2.50939E-09   3.50034E+03   1.68909E+04
 2206.27   53284.0   1.06000E+06   6.32560E-04   5.22758E-06   4.56568E-09   4.06547E+03   1.84095E+04
 2205.70   49385.0   1.05000E+06   6.41517E-04   7.82191E-06   6.76967E-09   4.53220E+03   1.95536E+04
 2205.18   45416.0   1.03000E+06   6.56260E-04   1.24601E-05   1.06170E-08   5.09860E+03   2.07903E+04
 2204.66   41178.0   1.01000E+06   6.72159E-04   2.24330E-05   1.87841E-08   5.86367E+03   2.23824E+04
 2204.13   36594.0   9.93000E+05   6.87660E-04   4.80742E-05   3.95731E-08   6.85572E+03   2.42750E+04
 2203.63   32145.0   9.70000E+05   7.07734E-04   1.20550E-04   9.70725E-08   8.12944E+03   2.67476E+04
 2203.16   27972.0   9.47000E+05   7.28881E-04   3.52660E-04   2.77169E-07   9.57160E+03   2.94763E+04
 2202.70   24056.0   9.22000E+05   7.52664E-04   1.25804E-03   9.61227E-07   1.12161E+04   3.26831E+04
 2202.22   20416.0   8.95000E+05   7.79463E-04   5.57441E-03   4.10572E-06   1.30662E+04   3.65598E+04
 2201.83   17925.0   8.75000E+05   8.00413E-04   1.86174E-02   1.33046E-05   1.45487E+04   3.97870E+04
 2201.56   16500.0   8.62000E+05   8.14352E-04   3.85534E-02   2.70383E-05   1.56403E+04   4.19234E+04
 2201.16   15000.0   8.47000E+05   8.30832E-04   8.19194E-02   5.62442E-05   1.70757E+04   4.42845E+04
 2200.84   14250.0   8.38000E+05   8.40750E-04   1.17328E-01   7.95321E-05   1.79008E+04   4.54116E+04
 2200.10   13500.0   8.28000E+05   8.51886E-04   1.64604E-01   1.09948E-04   1.86130E+04   4.60222E+04
 2199.00   13000.0   8.19000E+05   8.61759E-04   2.03752E-01   1.34340E-04   1.88155E+04   4.56602E+04
 2190.00   12000.0   7.96000E+05   8.87403E-04   3.00057E-01   1.91435E-04   1.85804E+04   4.33048E+04
 2168.00   11150.0   7.78000E+05   9.08850E-04   4.44087E-01   2.76895E-04   2.05044E+04   4.58365E+04
 2140.00   10550.0   7.60000E+05   9.30666E-04   6.11278E-01   3.72994E-04   2.23665E+04   4.84659E+04
 2110.00    9900.0   7.38000E+05   9.58581E-04   8.66327E-01   5.13125E-04   2.39840E+04   5.02303E+04
 2087.00    9450.0   7.22000E+05   9.79918E-04   1.10660E+00   6.41537E-04   2.48405E+04   5.08238E+04
 2075.00    9200.0   7.13000E+05   9.92348E-04   1.26952E+00   7.26789E-04   2.52762E+04   5.10505E+04
 2062.00    8950.0   7.04000E+05   1.00511E-03   1.45834E+00   8.23974E-04   2.56594E+04   5.11690E+04
 2043.00    8700.0   6.92000E+05   1.02232E-03   1.70040E+00   9.44263E-04   2.59872E+04   5.12230E+04
 2017.00    8400.0   6.76000E+05   1.04609E-03   2.07295E+00   1.12285E-03   2.64309E+04   5.14209E+04
 1980.00    8050.0   6.55000E+05   1.07884E-03   2.68164E+00   1.40192E-03   2.69913E+04   5.18286E+04
 1915.00    7650.0   6.22000E+05   1.13388E-03   3.95811E+00   1.96409E-03   2.81628E+04   5.36357E+04
 1860.00    7450.0   5.97000E+05   1.17883E-03   5.31697E+00   2.52697E-03   2.93775E+04   5.61519E+04
 1775.00    7250.0   5.61000E+05   1.24943E-03   8.47270E+00   3.77373E-03   3.19879E+04   6.22013E+04
 1670.00    7050.0   5.21000E+05   1.33801E-03   1.61698E+01   6.70027E-03   3.64029E+04   7.34336E+04
 1580.00    6900.0   4.88000E+05   1.42061E-03   2.92535E+01   1.13307E-02   4.02899E+04   8.56832E+04
 1475.00    6720.0   4.52000E+05   1.52288E-03   6.34774E+01   2.29240E-02   4.51615E+04   1.05773E+05
 1378.00    6560.0   4.20000E+05   1.62643E-03   1.42298E+02   4.75455E-02   5.07185E+04   1.35284E+05
 1278.00    6390.0   3.86000E+05   1.75224E-03   3.53495E+02   1.09902E-01   5.69137E+04   1.85276E+05
 1180.00    6230.0   3.50000E+05   1.90667E-03   9.24364E+02   2.68151E-01   6.41327E+04   2.73402E+05
 1065.00    6040.0   3.03000E+05   2.15018E-03   2.93197E+03   8.05495E-01   7.26994E+04   4.77824E+05
  980.00    5900.0   2.64000E+05   2.39856E-03   6.82819E+03   1.90448E+00   7.86376E+04   7.77263E+05
  905.00    5755.0   2.30000E+05   2.66220E-03   1.40854E+04   4.33050E+00   8.27646E+04   1.25016E+06
  855.00    5650.0   2.06000E+05   2.88066E-03   2.22739E+04   7.65875E+00   8.40822E+04   1.75757E+06
  805.00    5490.0   1.82000E+05   3.13798E-03   3.14842E+04   1.23549E+01   7.41865E+04   2.51888E+06
  755.00    5280.0   1.57000E+05   3.45767E-03   4.62105E+04   2.09805E+01   6.58965E+04   3.74408E+06
  705.00    5030.0   1.33000E+05   3.83322E-03   6.91944E+04   3.66766E+01   5.95350E+04   5.72029E+06
  650.00    4750.0   1.07000E+05   4.33583E-03   1.32217E+05   8.46933E+01   6.71496E+04   9.47333E+06
  600.00    4550.0   8.65000E+04   4.83490E-03   2.87198E+05   2.25667E+02   9.61214E+04   1.53156E+07
  560.00    4430.0   7.25000E+04   5.26800E-03   5.54801E+05   5.17979E+02   1.37137E+05   2.27230E+07
  525.00    4400.0   6.28000E+04   5.64213E-03   9.59752E+05   1.03362E+03   1.87447E+05   3.18592E+07
  490.00    4410.0   5.55000E+04   6.03902E-03   1.63660E+06   2.00548E+03   2.54786E+05   4.44367E+07
  450.00    4460.0   5.01000E+04   6.55438E-03   2.95005E+06   4.15246E+03   3.59654E+05   6.44056E+07
  400.00    4560.0   4.77000E+04   7.37640E-03   5.93148E+06   1.00132E+04   5.51604E+05   1.01183E+08
  350.00    4660.0   5.01000E+04   8.54244E-03   1.16759E+07   2.33589E+04   8.42421E+05   1.57261E+08
  300.00    4770.0   6.27000E+04   1.00361E-02   2.18449E+07   5.19249E+04   1.26842E+06   2.41433E+08
  250.00    4880.0   8.67000E+04   1.18272E-02   3.96479E+07   1.11146E+05   1.90264E+06   3.67740E+08
  200.00    4990.0   1.17000E+05   1.39564E-02   6.85499E+07   2.25136E+05   2.83870E+06   5.51288E+08
  150.00    5150.0   1.48000E+05   1.66300E-02   1.05058E+08   4.27242E+05   4.28618E+06   8.10192E+08
  100.00    5410.0   1.75000E+05   2.00905E-02   1.34890E+08   7.52863E+05   6.84150E+06   1.15763E+09
   50.00    5790.0   1.97000E+05   2.43522E-02   1.55744E+08   1.31187E+06   1.32236E+07   1.59630E+09
    0.00    6520.0   2.00000E+05   3.01379E-02   1.68516E+08   2.73627E+06   4.96335E+07   2.10153E+09
  -20.00    6980.0   2.00000E+05   3.29686E-02   1.68633E+08   3.86165E+06   1.09984E+08   2.35524E+09
  -40.00    7590.0   2.00000E+05   3.78788E-02   1.60841E+08   5.45004E+06   2.78545E+08   2.79226E+09
  -60.00    8220.0   2.00000E+05   4.68567E-02   1.50492E+08   7.19146E+06   6.36825E+08   3.57320E+09
  -80.00    8860.0   2.00000E+05   6.30385E-02   1.36859E+08   8.82151E+06   1.30551E+09   4.97306E+09
 -100.00    9400.0   2.00000E+05   8.62106E-02   1.28148E+08   1.02978E+07   2.23512E+09   6.98408E+09
